899
14 15
41 113
1 470
784 536
102 433
52 439
305 241
208 608
441 383
746 191
17 6
469 125
36 98
151 694
692 27
657 16
441 640
284 293
313 258
361 138
385 50
172 341
186 579
491 740
603 674
880 604
446 463
46 871
809 107
628 632
534 151
88 340
320 167
497 549
80 89
878 403
151 310
735 616
762 746
30 20
455 288
78 431
448 192
49 133
776 612
80 397
268 246
397 487
467 86
574 145
79 474
437 105
405 248
221 298
606 351
234 121
210 153
115 55
644 233
483 586
378 237
149 64
546 561
264 567
88 109
720 294
111 58
514 573
215 406
75 396
337 607
811 498
752 481
827 726
226 593
134 188
154 306
772 181
802 767
583 163
559 287
106 197
168 263
35 24
432 74
209 560
481 463
16 7
382 103
31 25
419 126
106 319
399 343
709 395
755 198
274 331
237 757
52 7
185 680
821 5
161 113
84 40
313 318
129 144
579 603
80 83
322 181
12 18
126 203
146 217
88 194
107 138
326 682
219 812
96 118
264 472
281 327
28 19
323 6
796 72
125 92
267 113
20 80
278 480
675 540
450 233
180 347
176 734
523 439
147 80
272 879
270 120
620 719
177 77
170 414
81 585
25 565
112 44
417 292
157 186
83 295
336 172
558 51
45 246
630 306
304 239
566 158
44 20
874 769
362 578
246 531
532 201
202 466
676 571
134 70
470 896
898 897
1 22
36 1
177 825
594 46
450 881
828 316
56 620
241 81
5 779
43 90
639 68
66 31
649 710
149 255
445 306
761 770
348 492
617 103
519 780
669 766
97 562
626 154
823 418
232 62
127 253
613 465
214 210
261 281
35 57
573 642
190 434
166 14
425 275
243 847
705 819
502 751
655 702
718 10
49 107
551 407
714 631
118 296
150 749
476 882
533 716
519 83
743 464
88 25
167 25
61 371
306 614
239 64
190 104
61 15
154 75
260 209
278 287
764 471
249 232
808 70
348 113
696 214
328 320
124 329
299 80
13 29
163 31
337 763
595 650
699 82
101 128
81 870
32 39
664 419
612 468
45 258
137 38
518 107
135 78
178 410
454 262
281 724
654 758
219 861
155 667
233 275
93 48
788 638
46 27
376 232
785 28
368 14
829 206
229 771
860 192
28 54
646 403
20 79
136 131
452 363
555 14
323 615
53 538
380 866
335 200
899 170
199 723
238 713
183 116
78 358
285 124
269 87
83 200
278 174
54 456
263 705
778 615
396 507
843 602
103 55
51 55
541 137
63 201
464 108
97 797
162 229
124 73
98 477
609 269
42 51
412 536
147 451
319 838
196 48
194 213
266 189
4 283
376 619
211 59
142 46
147 590
220 37
265 111
23 101
453 164
86 872
189 207
831 758
173 79
440 39
7 56
172 169
232 708
334 73
582 290
258 391
730 452
410 416
133 170
32 23
272 250
1 684
34 65
491 163
81 79
273 187
216 364
815 257
601 199
303 230
40 76
66 209
448 760
462 364
247 824
189 62
621 693
799 154
427 884
368 855
62 49
722 699
783 631
49 205
122 112
398 123
484 526
628 150
7 11
82 91
108 168
5 430
19 20
13 10
274 294
590 602
336 501
422 415
108 352
525 85
159 545
295 404
151 271
740 844
85 65
542 653
168 768
96 55
12 10
171 627
276 800
63 27
280 803
121 460
191 248
426 71
106 33
244 471
792 502
649 110
9 475
347 581
36 393
76 155
24 21
251 584
10 45
711 275
93 643
99 738
336 547
651 141
42 5
685 306
452 747
14 145
267 813
14 82
311 70
61 656
370 115
101 529
4 21
302 90
707 646
238 44
67 849
47 8
99 863
482 363
746 816
109 891
24 853
76 119
108 8
336 504
184 64
72 56
125 372
506 282
74 227
321 259
186 729
589 109
745 888
169 88
82 86
885 673
16 19
522 164
669 188
569 267
181 78
223 56
505 224
33 360
35 160
553 478
355 204
219 166
473 116
231 605
520 479
857 387
381 527
53 351
128 641
53 26
488 409
216 136
859 806
647 1
168 284
84 662
5 75
240 206
403 297
759 275
635 288
58 2
697 331
279 292
129 483
50 1
148 111
65 71
5 10
191 73
290 45
842 819
377 706
86 182
251 234
202 153
493 744
162 18
222 580
151 206
365 98
189 231
1 2
459 180
479 4
74 179
897 558
178 314
806 48
704 458
559 683
102 373
522 636
204 75
247 56
805 206
777 236
91 672
372 616
826 794
4 256
325 45
761 90
3 421
258 535
3 6
224 90
592 83
279 15
126 436
208 148
367 248
37 17
486 443
324 38
349 70
342 359
605 648
754 867
82 387
484 229
212 20
349 357
152 715
74 176
839 393
732 251
139 132
291 687
247 818
595 234
498 206
3 9
833 297
397 500
733 298
388 443
533 892
542 381
883 682
171 99
568 791
165 245
207 622
221 18
478 750
550 213
40 43
105 9
533 60
28 34
701 737
544 355
597 468
200 350
631 425
140 156
407 147
5 7
158 297
136 524
169 875
794 623
571 471
11 100
91 307
588 530
244 220
63 276
722 841
556 499
554 782
478 88
695 158
621 151
6 70
66 150
235 36
136 237
175 225
32 120
129 854
77 7
3 132
636 858
12 413
313 845
402 298
822 143
511 107
254 158
825 837
74 383
548 231
392 712
82 497
726 90
864 239
75 377
69 222
16 193
300 1
191 250
14 610
26 10
218 490
661 611
423 215
236 637
387 388
129 618
95 257
16 411
38 7
690 686
644 670
490 510
442 123
563 421
289 267
520 832
767 93
727 253
71 769
571 599
568 432
99 29
123 717
869 224
13 346
210 591
264 136
338 148
731 100
416 742
511 633
333 56
306 379
86 130
16 140
60 17
321 546
216 671
374 218
111 317
456 515
141 415
25 5
393 645
666 798
397 721
26 127
835 238
185 96
485 396
389 331
339 210
400 101
156 587
424 30
116 104
4 3
11 143
3 2
162 756
455 543
509 450
701 568
156 332
215 308
493 475
49 659
508 395
865 273
63 384
216 564
703 577
686 170
807 575
132 165
1 689
495 248
142 157
114 33
655 678
252 57
95 362
654 348
360 381
218 162
97 17
836 554
179 611
243 145
395 111
663 309
756 781
40 41
660 575
164 25
140 856
58 59
126 83
233 94
73 21
420 6
658 218
449 265
532 801
164 228
36 392
36 754
528 388
262 228
62 765
30 521
537 285
655 547
74 195
174 12
793 427
402 409
211 725
288 198
458 415
8 23
429 131
337 184
24 215
514 30
74 70
309 503
154 427
677 272
465 61
317 666
268 600
389 774
236 199
157 476
412 297
191 344
315 213
198 35
249 790
13 49
660 736
483 830
5 312
665 544
496 292
153 141
810 766
118 159
748 20
15 40
63 151
862 886
773 291
367 895
540 121
15 259
439 862
123 280
629 192
79 873
575 358
134 353
403 457
222 539
640 741
196 834
716 850
576 568
36 69
319 375
461 36
530 417
212 877
627 848
68 27
401 62
384 444
291 160
840 59
51 330
325 356
527 868
558 577
257 261
681 673
286 129
102 28
326 203
337 494
354 24
17 92
786 713
95 24
93 94
846 416
787 117
158 82
447 66
188 408
700 437
199 158
159 175
183 226
438 130
55 309
817 296
287 668
70 129
354 739
180 65
46 192
446 4
452 745
178 21
395 489
2 5
266 363
205 804
753 258
572 488
469 596
488 691
569 887
688 13
789 141
814 104
445 512
623 618
103 104
171 513
5 230
851 731
61 274
87 20
345 820
638 41
182 624
679 585
35 652
67 49
876 69
82 117
625 426
698 88
