1 4
1 6
2 4
3 4
27 4
38 4
43 6
44 4
46 4
57 4
58 4
84 6
85 4
95 6
96 4
114 6
115 4
121 4
137 4
153 6
154 4
158 4
170 4
188 4
194 4
196 4
207 4
216 8
217 6
218 4
229 4
266 4
269 4
270 4
280 4
302 8
303 6
304 4
316 4
328 8
329 6
330 4
336 4
369 4
372 4
374 6
375 4
420 4
431 4
441 4
458 12
459 10
460 8
461 6
462 4
468 4
470 4
497 4
517 4
517 6
518 4
519 4
522 4
529 4
544 6
545 4
553 6
554 4
565 4
566 6
567 4
612 4
630 4
651 4
657 4
684 4
687 6
688 4
696 4
701 4
716 4
760 6
761 4
770 4
783 4
789 4
807 6
808 4
811 4
817 4
858 4
862 4
870 6
871 4
897 4
902 4
923 4